1 2 422
0 4 355
4 6 346
3 11 218
7 8 199
0 6 166
4 8 12 145
2 4 136
1 8 118
4 8 113
1 5 110
3 7 11 110
4 12 106
2 8 96
4 17 96
5 7 94
4 6 12 92
1 12 88
1 3 85
2 4 12 83
5 8 81
1 2 12 80
2 4 8 12 74
2 6 73
5 12 71
1 7 71
5 15 69
6 8 67
0 8 61
5 6 61
4 5 60
0 4 12 60
1 2 4 12 60
7 15 59
2 10 58
1 4 55
2 12 53
4 6 8 12 52
2 8 12 51
0 5 50
0 4 8 12 46
7 14 45
6 15 45
1 2 4 44
0 4 8 41
5 7 8 40
1 2 5 39
0 12 37
2 8 10 36
0 4 6 36
1 2 8 34
3 16 34
1 4 12 34
4 15 32
6 12 31
0 7 29
1 15 27
2 15 27
1 5 6 27
3 15 27
4 6 8 26
3 7 11 12 26
1 6 25
2 3 23
6 8 12 23
5 6 7 22
2 5 22
5 8 12 22
1 7 8 21
3 9 21
4 16 21
2 16 21
8 16 21
4 11 21
0 1 5 20
3 5 20
6 7 20
4 6 17 20
0 3 19
3 8 19
1 4 5 18
8 10 18
0 5 7 18
4 7 17
2 4 8 17
0 15 17
3 7 16
1 5 7 16
4 5 6 16
3 4 16
2 8 15 16
0 8 12 16
0 1 15
2 10 12 15
1 5 12 15
0 2 14
4 10 14
7 12 14
4 5 12 14
1 2 3 13
1 2 6 13
2 4 6 12
1 8 15 12
1 2 5 8 12
2 17 12
0 1 2 4 5 12
4 6 7 12 12
2 7 11
1 5 8 11
6 16 11
1 5 15 11
2 8 10 12 11
2 4 10 11
1 2 4 8 12 11
1 10 10
0 4 5 10
1 3 5 6 10
0 6 8 10
1 16 10
1 3 8 10
3 5 11 10
1 3 11 10
5 6 8 9
7 12 15 9
4 7 8 9
1 2 10 9
1 3 5 9
1 2 11 9
0 4 6 12 9
0 2 4 8
3 7 15 8
8 12 8
1 3 5 7 8
2 8 16 8
4 6 16 8
3 12 8
4 5 6 12 8
0 5 12 8
1 4 8 12 8
7 8 10 7
6 7 8 7
1 5 7 8 7
6 11 7
0 1 5 6 7
5 6 12 7
0 1 2 5 7
3 9 11 13 7
4 5 8 7
1 4 6 12 7
4 6 12 15 7
1 5 6 7 6
0 1 7 6
0 1 6 6
7 8 15 6
2 6 8 6
0 2 4 6 6
0 17 6
5 7 8 15 6
5 7 12 6
1 2 7 6
1 11 6
1 3 5 11 6
1 17 6
1 3 8 11 6
6 7 12 6
0 4 6 8 12 6
1 8 12 6
0 1 5 7 12 6
1 2 8 12 6
2 4 6 12 6
1 2 3 4 5 6 7 8 11 12 6
0 3 5 5
1 2 5 7 5
3 5 7 5
2 5 12 5
6 10 11 5
5 7 15 5
2 5 6 5
0 7 8 5
1 7 15 5
1 4 8 5
2 5 8 5
3 8 9 5
1 2 5 6 5
1 2 8 15 5
2 4 8 16 5
8 15 5
4 8 11 5
4 8 16 5
4 8 15 5
4 12 15 5
5 6 15 5
6 8 16 5
0 1 2 4 5
2 3 11 5
6 17 5
0 1 3 11 5
0 5 7 12 5
0 5 6 12 5
0 1 2 4 12 5
1 3 5 9 11 13 5
5 7 8 12 5
0 1 5 12 5
2 4 6 8 12 5
3 6 4
0 5 6 4
7 14 15 4
1 6 7 4
0 4 5 6 4
8 17 4
0 1 5 7 8 4
0 6 15 4
0 6 10 4
0 10 4
1 5 6 8 4
8 9 4
0 1 2 7 4
3 5 15 4
3 5 8 4
1 4 5 6 4
4 10 12 4
5 16 4
1 6 16 4
0 1 2 6 4
1 2 3 11 4
3 17 4
3 11 15 4
0 1 2 4 5 12 4
1 9 4
1 2 4 5 8 4
0 3 7 8 9 11 12 13 4
3 4 7 8 9 12 4
3 9 11 4
0 4 12 15 4
2 4 8 12 16 4
1 4 5 12 4
6 11 12 4
0 1 3 4 9 3
0 3 9 3
3 5 9 3
3 5 6 3
4 6 15 3
4 5 7 3
1 14 3
1 3 4 3
2 4 5 8 3
1 3 7 3
8 12 14 3
5 9 3
0 2 10 3
1 6 17 3
1 2 3 4 3
3 5 6 15 3
0 1 2 3 3
0 3 6 3
1 2 8 10 3
2 8 11 3
10 15 3
3 7 8 3
2 3 8 3
2 4 10 12 3
4 7 15 3
5 8 10 3
6 12 15 3
0 5 8 3
4 5 15 3
1 5 16 3
1 2 15 3
1 10 12 3
0 2 4 6 16 3
1 2 5 15 3
1 2 5 7 8 3
2 4 5 6 3
1 2 16 3
2 4 5 3
0 4 5 12 3
0 5 12 15 3
0 4 5 8 3
0 1 4 3
0 1 5 7 15 3
3 7 8 9 11 3
1 4 5 8 3
5 6 8 12 3
4 5 7 11 3
6 7 8 12 3
1 2 7 8 11 12 15 3
1 2 4 8 11 12 3
2 4 8 11 12 3
7 9 10 11 12 15 3
0 1 4 12 3
0 3 4 7 11 12 3
1 3 7 11 12 3
2 3 4 7 11 12 3
3 7 8 11 12 3
5 6 7 12 3
1 5 6 8 12 3
4 5 6 7 12 3
1 7 12 3
0 7 8 12 3
1 12 15 3
1 5 8 12 3
1 2 6 8 12 3
1 4 5 6 12 3
1 2 4 6 8 12 3
0 2 4 12 3
2 3 7 8 11 12 15 3
1 4 10 3
0 3 4 3
1 4 7 3
1 2 4 16 3
0 1 5 7 3
4 6 7 3
0 7 8 12 14 3
0 4 15 2
4 14 2
4 6 8 10 2
6 7 14 2
10 12 2
0 8 14 2
0 1 7 15 2
0 13 2
0 1 4 5 6 2
3 4 6 2
1 3 6 2
0 2 3 5 2
1 3 4 6 8 2
5 12 15 2
2 5 7 2
1 5 7 15 2
8 10 12 2
1 7 8 12 15 2
1 2 7 8 2
7 10 2
0 4 6 7 2
0 4 5 7 2
0 7 15 2
0 4 6 15 2
2 10 16 2
1 2 4 8 2
1 2 8 16 2
2 8 10 15 2
1 2 10 12 2
2 10 15 2
2 3 10 12 2
3 8 15 2
2 3 5 2
3 5 16 2
3 8 12 15 2
3 15 16 2
4 6 10 12 2
4 8 10 12 2
4 10 15 2
5 11 2
1 5 10 2
2 6 7 2
7 16 2
1 4 5 15 2
1 3 5 8 2
0 1 5 8 2
0 3 7 2
3 4 8 12 2
5 10 2
2 5 15 2
0 2 8 2
1 2 3 6 11 2
1 3 11 15 16 2
1 6 8 12 2
1 8 16 2
2 4 7 8 2
12 17 2
3 8 11 2
1 3 5 7 11 2
2 3 8 11 12 2
0 6 8 16 2
0 6 8 16 17 2
0 2 3 5 11 2
3 5 11 15 2
0 7 10 2
0 7 11 12 13 15 2
1 2 9 2
1 2 4 5 2
1 2 4 9 2
1 2 4 11 2
3 9 11 12 13 2
3 7 11 13 2
5 10 15 2
5 7 11 2
5 8 11 15 2
5 9 11 15 2
5 11 12 2
4 6 8 12 15 2
6 8 12 15 2
4 7 12 2
0 1 3 4 9 11 13 2
1 2 4 7 8 11 12 15 2
1 2 4 8 12 15 2
2 5 8 12 2
3 9 12 2
4 8 12 15 2
3 4 8 9 2
3 7 9 2
1 3 11 12 2
2 8 12 16 2
3 7 11 17 2
1 3 7 8 11 12 2
3 7 10 11 2
3 7 8 11 2
4 5 7 15 2
1 2 5 12 2
4 5 8 12 2
7 8 10 12 2
1 4 6 8 12 2
0 1 8 12 2
2 4 8 10 12 2
3 7 8 11 12 16 2
0 7 12 16 2
0 3 16 2
0 4 16 2
1 2 4 10 16 2
6 7 11 2
1 7 16 2
2 4 7 2
0 4 6 8 2
0 6 16 2
0 2 4 8 16 2
1 5 6 8 14 2
1 3 4 7 2
1 4 5 16 2
6 8 12 16 2
0 6 7 2
7 8 12 2
2 4 5 7 8 2
1 7 8 15 2
0 1 7 8 1
4 5 8 15 1
0 6 12 1
0 6 11 1
0 1 3 6 1
0 11 1
1 2 7 8 10 11 1
5 14 1
3 5 7 14 1
6 14 1
8 14 1
2 4 6 15 1
2 3 16 1
1 3 7 10 14 1
3 4 7 1
7 8 14 15 1
0 16 1
3 8 12 1
0 5 7 8 1
0 6 7 8 1
0 1 2 5 7 8 1
1 5 7 8 15 1
0 1 9 1
7 9 1
0 1 8 9 1
0 1 3 6 15 1
0 1 3 8 1
0 2 4 8 1
1 3 6 8 1
0 1 3 1
1 2 6 8 1
1 2 3 5 6 1
0 3 4 8 1
0 4 8 9 1
0 8 9 1
4 6 14 1
0 1 4 5 1
0 4 7 1
0 5 10 1
1 3 4 6 1
2 3 6 1
5 6 7 15 1
1 4 5 7 14 1
6 7 15 1
1 6 8 1
5 6 7 8 1
2 7 15 1
1 2 3 7 1
1 5 6 7 8 1
7 8 12 15 1
0 1 5 7 8 15 1
1 3 8 15 1
1 8 10 1
2 7 8 15 1
2 5 10 1
3 5 6 8 1
2 3 6 11 1
3 5 7 15 1
3 4 8 1
4 11 12 1
8 11 1
2 4 8 11 1
6 15 16 1
3 4 15 16 1
5 8 10 12 15 1
5 8 16 1
8 12 16 1
7 8 14 1
1 5 7 10 1
2 3 4 5 6 1
2 4 15 1
2 4 8 15 1
1 3 4 8 1
0 1 5 8 16 1
8 15 16 1
2 10 11 1
0 1 4 8 1
0 1 5 6 8 1
0 8 15 1
1 3 12 1
8 10 16 1
0 3 5 6 1
4 6 7 8 1
0 8 16 1
0 1 4 17 1
0 8 17 1
1 4 6 11 1
1 6 11 1
1 3 4 5 6 17 1
1 2 5 6 8 1
0 1 6 15 1
1 10 16 1
1 2 3 6 8 11 1
1 5 6 16 1
0 1 4 6 8 1
0 1 4 6 8 16 1
1 4 6 12 15 1
0 1 2 4 6 8 16 1
1 4 12 15 1
0 1 2 4 5 6 8 1
1 2 17 1
10 17 1
1 14 17 1
2 6 10 1
8 16 17 1
6 8 16 17 1
1 5 7 8 17 1
1 3 8 11 15 16 1
3 8 11 12 15 1
1 3 4 11 15 16 1
3 5 11 12 1
1 2 3 8 11 1
2 3 11 12 1
3 11 12 1
3 11 17 1
2 4 17 1
2 4 5 6 17 1
2 4 5 17 1
0 4 8 16 17 1
4 6 8 17 1
0 4 6 8 16 17 1
1 2 5 7 15 1
0 8 16 17 1
1 5 9 15 1
0 1 2 4 5 6 8 16 1
1 3 11 16 1
1 2 3 11 16 1
2 5 6 12 1
5 17 1
7 14 17 1
0 1 4 5 8 1
0 3 7 9 11 12 13 1
0 1 2 8 12 1
0 1 2 4 8 12 1
2 4 12 15 1
3 5 9 11 15 1
3 7 9 11 13 1
3 7 8 9 11 13 1
3 8 9 11 1
7 8 9 11 1
7 10 12 1
3 7 9 11 1
5 7 8 11 15 1
1 2 4 5 7 8 1
0 1 2 5 8 1
8 13 1
0 9 1
1 2 3 9 1
0 1 2 5 8 12 1
1 2 3 9 12 1
1 2 3 4 9 1
1 2 4 11 12 1
2 12 15 1
2 8 11 12 1
2 5 12 16 1
2 3 4 9 12 1
2 4 11 12 1
2 4 5 8 12 16 1
1 2 5 8 11 12 1
2 4 8 12 14 1
3 9 13 1
3 9 13 14 1
3 9 12 13 1
3 6 8 9 1
3 9 14 1
3 9 12 16 1
3 9 16 1
4 7 8 14 1
4 5 6 8 12 1
5 13 1
3 5 6 8 9 12 15 1
7 17 1
1 2 4 7 11 15 1
7 12 14 1
4 6 7 8 12 1
1 2 4 7 11 12 15 1
2 6 8 12 1
7 8 12 14 1
0 2 3 7 8 11 1
0 6 8 12 1
1 2 3 4 11 1
0 1 4 5 12 1
2 3 5 7 11 1
2 4 5 6 12 1
2 4 7 12 1
3 4 11 1
0 3 4 7 11 1
3 4 7 11 1
4 6 8 11 12 1
4 5 7 12 15 1
4 5 8 12 15 1
0 3 4 11 12 1
3 4 12 1
4 5 12 15 1
4 6 7 12 15 1
3 7 8 12 1
1 2 3 4 5 6 7 8 12 1
1 2 3 4 6 7 8 11 12 1
2 3 7 8 11 12 16 1
1 2 3 7 11 12 1
3 4 7 11 12 1
3 7 8 11 12 15 1
1 4 10 12 1
4 8 12 16 1
0 10 12 1
2 4 16 1
2 3 4 1
2 12 16 1
0 1 2 4 5 6 1
4 7 8 16 1
1 6 12 1
1 2 4 7 1
7 11 14 1
0 12 16 1
0 1 2 4 5 6 7 1
0 7 12 1
0 7 12 15 1
0 4 10 1
1 4 16 1
1 2 3 16 1
1 4 8 16 1
3 4 5 16 1
3 10 12 1
1 4 6 1
4 8 10 1
0 5 7 15 1
2 5 16 1
0 1 6 7 1
1 4 6 8 1
2 6 16 1
2 6 7 8 1
2 6 12 1
3 6 7 1
0 1 3 5 7 1
0 7 8 14 1
1 4 5 6 7 1
6 7 8 10 16 1
0 1 6 7 8 1
4 7 10 16 1
7 8 12 16 1
0 1 4 5 7 8 1
2 4 7 8 16 1
4 7 8 12 16 1
0 1 4 7 8 1
2 4 7 15 1
0 4 5 7 8 1
7 8 10 16 1
1 4 7 14 16 1
2 7 8 1
1 4 7 14 1
0 6 7 14 1
2 3 5 8 1
0 3 4 6 1
0 3 8 1
0 1 3 4 1
0 1 12 1
